0
0
0
0
0
0
0
0
0
0
0
0
0
0
0
0
0
0
0
0
0
0
0
0
0
0
0
0
0
0
1
2
3
7
10
12
17
21
29
34
52
79
107
148
197
233
366
463
631
827
1016
1266
1441
1809
2158
2503
2978
3405
4032
4825
5476
6077
6820
7503
8215
9134
10023
10779
11591
12428
13155
13915
14681
15362
15887
16523
17127
17669
18279
18849
19468
19899
20465
21067
21645
22170
22745
23227
23660
24114
24648
25085
25549
25969
26384
26644
26977
27359
27682
27967
28236
28710
28884
29079
29315
29684
29958
30201
30395
30560
30739
30911
31106
31368
31610
31763
31908
32007
32169
32330
32486
32616
32735
32785
32877
32955
33072
33142
33229
33340
33415
33475
33530
33601
33689
33774
33846
33899
33964
34043
34114
34167
34223
34301
34345
34371
34405
34448
34514
34561
34610
34634
34657
34675
34644
34678
34708
34716
34738
34744
34767
34788
34818
34833
34854
34861
34869
34899
34914
34926
34938
34945
34954
34967
34984
34997
35017
35028
35042
35045
35058
35073
35082
35092
35097
35102
35107
35112
35123
35129
35132
35141
35146
35154
35166
35171
35181
35187
35190
35203
35205
35209
35215
35225
35231
35234
35392
35396
35400
35405
35412
35418
35427
35430
35437
35441
35445
35458
35463
35472
35473
35477
35483
35491
35497
35507
35518
35534
35541
35553
35563
35577
35587
35597
35603
35610
35624
35633
35645
35658
35668
35692
35707
35724
35738
35758
35781
35801
35818
35835
35851
35875
35894
35918
35941
35968
35986
36002
36030
36061
36083
36111
36140
36166
36205
36246
36289
36372
36427
36474
36543
36616
36705
36832
36968
37059
37210
37338
37479
37700
37905
38122
38321
38618
38826
39059
39412
39764
40192
40638
41063
41394
41750
42330
42953
43589
44139
44683
45229
45733
46464
47217
47870
48569
49261
49823
50453
51306
52028
52850
53677
54363
54904
55576
56361
57045
58038
58852
59514
60078
60606
61240
61739
62626
63387
64036
64520
65011
65857
66537
67220
67894
68447
68799
69214
69842
70395
70900
71359
71620
71925
72370
73029
73604
74159
74621
74985
75332
75680
76329
76877
77291
77911
78394
78755
79203
79819
80326
80848
81325
81800
82177
82554
83157
83681
84202
84674
85162
85461
85881
86422
86889
87381
87858
88279
88516
88845
89344
89820
90241
90618
91003
91273
91580
92002
92338
92729
93045
93356
93577
93835
94171
94540
94887
95235
95486
95718
95992
96348
96666
96974
97227
97507
