0
0
0
0
0
0
0
0
0
2
2
2
2
2
2
2
3
3
3
3
3
3
3
3
3
3
3
3
3
3
19
59
150
221
311
438
593
821
1053
1577
1835
2263
2706
3296
3916
5061
6387
7985
8794
10590
13052
14955
17750
20603
23073
26062
28710
33190
38549
42681
46638
50826
54030
57521
62013
66414
70065
73880
75528
77635
80572
83049
85388
88274
91246
93187
94067
95262
96877
98273
100269
102253
103616
104291
105418
106607
106962
107771
108257
108237
107709
107699
106848
106527
105847
106103
105813
105205
104657
101551
100943
100704
100179
99980
98467
91528
89624
87961
84842
83324
82488
81266
78457
76440
72070
70187
68351
66553
65129
62752
60960
59322
57752
56594
55300
52942
50966
47986
46175
43691
42075
41367
39893
39297
38429
36976
35877
35262
34730
32872
31710
30637
28997
27485
26274
25909
24569
23925
23101
21543
21212
20972
20637
19573
18655
18303
17638
16836
16681
16496
15563
15255
15060
14884
14621
14642
14709
14242
13595
13459
13428
13303
13179
13157
12919
12493
12473
12456
12368
12440
12404
12248
12322
12404
12301
12442
12565
12581
12609
12616
12230
12422
12457
12456
12474
12482
12646
12694
12924
12953
13263
13368
13561
13791
14081
14249
14406
14733
14867
15089
15360
16014
16678
17503
18438
19195
19714
20753
21932
23035
23156
24205
26078
26754
27817
28915
30099
31194
32078
32993
33789
34734
35708
36767
37503
38509
39187
39712
40532
41413
42457
43161
44098
45079
45489
46114
46780
47718
48593
49618
50323
50630
51263
52647
53997
55566
57429
58903
60134
62576
65952
70110
74829
79075
82764
87193
92445
99266
107312
116935
126237
134003
142739
155442
169302
186002
203182
222241
236684
255090
276457
299191
325786
351386
378129
396512
418142
443235
472348
499118
532536
558636
573334
590110
613358
635054
663926
688435
712490
717784
733810
743168
761671
777176
791746
805947
796849
798386
791697
795845
787893
789308
795771
788471
779945
761230
759982
757702
754169
755306
748819
737525
710515
696527
690323
684848
686031
675109
663313
645706
635343
627798
620166
622760
613582
605955
598816
593632
579886
580941
581760
575221
568728
564395
569896
574767
577062
576214
570458
569161
568712
571055
570389
572842
579932
575979
570040
564774
561380
558068
557717
553374
547059
535524
523553
516568
502053
498834
499278
491630
482417
477969
474617
467824
463352
453968
447589
437765
434722
430277
429118
427034
427024
419604
413967
410111
405019
402174
401413
402783
398098
393686
388864
384501
382448
384623
388895
387903
387948
389433
396143
404664
411966
