0
0
0
0
0
0
0
0
0
0
0
0
0
0
0
0
0
0
0
0
0
0
0
0
0
0
0
0
0
0
0
1
2
1
1
3
45
46
46
83
149
160
276
414
523
589
622
724
724
1045
1045
1439
1966
2335
2749
2941
4025
4440
4440
6072
7024
7024
8326
9362
10361
10950
12384
13030
14620
15729
16847
18278
19758
20996
21815
22837
24392
26491
28470
30455
32534
34211
35435
37130
38092
40164
42727
44927
47055
48877
51600
54543
57576
60498
63120
64928
66624
68941
71252
75945
78249
79914
81654
82879
85231
93245
96276
99023
103031
105186
106587
109039
112541
115288
120205
122810
125176
127326
129401
132282
134560
136720
138840
140479
141981
144658
147101
150604
152844
155633
157507
158355
160092
160938
161895
163781
165078
165837
166584
168646
169939
171338
173085
174865
176370
177010
178526
179455
180544
181907
182453
182893
183426
184585
186111
186725
187615
188584
188891
189196
190248
190717
191083
191467
191944
192108
192241
192815
193640
193978
194273
194579
194928
195106
195441
196016
196246
196483
196806
196949
197162
197431
197628
197842
198192
198320
198446
198593
198756
199031
199796
199974
200229
200460
200589
200766
200976
201323
201642
201947
202098
202248
202461
202697
202923
203326
203640
203786
203968
204142
204506
204686
204960
205203
205470
205662
206015
206329
206554
206902
208224
208536
207653
207944
208201
208490
209027
209610
210015
210238
210801
211272
211885
212432
213191
213634
213950
214645
215265
215954
216807
217716
218351
218703
219670
220665
221762
222716
223693
224417
225190
226506
227704
228844
229970
231217
231914
232681
234099
235303
236363
237549
238525
239709
240600
242028
244065
245964
247872
249127
251461
252959
255005
257374
259456
261808
264117
266203
268626
271988
275404
279282
283567
289426
292380
296017
302275
307378
312339
322925
328891
335074
345289
363023
372113
387758
399238
411434
420810
442364
457798
481967
498987
520022
539524
553098
584493
605330
637149
661180
696647
720861
734503
757507
784595
823335
846809
872385
896308
913494
933132
958629
997895
1027994
1052163
1076891
1093161
1115617
1141406
1175901
1203814
1226086
1249470
1261626
1281258
1301573
1322067
1344785
1377109
1386198
1394011
1408686
1425730
1445690
1463111
1479988
1489154
1503900
1520106
1536129
1556356
1572015
1589590
1606630
1617804
1633839
1653404
1673936
1694051
1713030
1729216
1745726
1760489
1781917
1806932
1827451
1855127
1871189
1882074
1897861
1917117
1936289
1953509
1973388
1990152
2010548
2024523
2043499
2059248
2076928
2091923
2107061
2118441
2133523
2149350
2165817
2185655
2202077
2216050
2225519
2237290
2251734
2268253
2286024
2303199
2315687
2324633
2334968
2347866
2362465
2375318
2387032
2398352
