2.106638532607937116e-04
2.709594133007831160e-04
4.147438221052695173e-04
6.381416656439767342e-04
9.314553956583981669e-04
1.276826174424034680e-03
1.646226811722374629e-03
2.001369139793654755e-03
2.298314891993323474e-03
2.499956528607689531e-03
2.596325008434745545e-03
2.623776215926904368e-03
2.666727424816477381e-03
2.839010824979238019e-03
3.273837312574657491e-03
4.150366913327133492e-03
5.735881957626941252e-03
8.402054980492434585e-03
1.260606699731622003e-02
1.885266738603150541e-02
2.765461975104073142e-02
3.950211420767174575e-02
5.484162879996518081e-02
7.405790447945317934e-02
9.745355342337777560e-02
1.252257406745670987e-01
1.574435930564302977e-01
1.940317798946869787e-01
2.347652930625779566e-01
2.792784243792812982e-01
3.270879249231494201e-01
3.776271549347093304e-01
4.302856706618934379e-01
4.844479178104042494e-01
5.395256815455315991e-01
5.949811548873142897e-01
6.503400088814496049e-01
7.051958397683043556e-01
7.592084117855162351e-01
8.120982498841545771e-01
8.636396803570148828e-01
9.136537322399472805e-01
9.620016637220292210e-01
1.008579395345197582e+00
1.053312838780303684e+00
1.096153972169727986e+00
1.137077478367743089e+00
1.176077783651158448e+00
1.213166377683346564e+00
1.248369340348520762e+00
1.281725037658772992e+00
1.313281974189349555e+00
1.343096804069798811e+00
1.371232508735460431e+00
1.397756750079088617e+00
1.422740404709390782e+00
1.446256280555802132e+00
1.468378012320113335e+00
1.489179128033177868e+00
1.508732275617519436e+00
1.527108596009040253e+00
1.544377228013254610e+00
1.560604929533491836e+00
1.575855799942620372e+00
1.590191089004323377e+00
1.603669078728080510e+00
1.616345025731228846e+00
1.628271152976192182e+00
1.639496681071084483e+00
1.650067890610008137e+00
1.660028208246638215e+00
1.669418310316986176e+00
1.678276238841790002e+00
1.686637525641090818e+00
1.694535321084400081e+00
1.702000524684460503e+00
1.709061915328444314e+00
1.715746279436280997e+00
1.722078535751176531e+00
1.728081855811566925e+00
1.733777779436023181e+00
1.739186324781391901e+00
1.744326092717689791e+00
1.749214365407947280e+00
1.753867199093671392e+00
1.758299511172358720e+00
1.762525161717326316e+00
1.766557029636125709e+00
1.770407083695516359e+00
1.774086448661201576e+00
1.777605466811929658e+00
1.780973755091894706e+00
1.784200258164563735e+00
1.787293297626212807e+00
1.790260617629871431e+00
1.793109427160688885e+00
1.795846439192866573e+00
1.798477906946525762e+00
1.801009657450824974e+00
1.803447122607428010e+00
1.805795367936409601e+00
1.808059119174943108e+00
1.810242786887808375e+00
1.812350489237926965e+00
1.814386073054850446e+00
1.816353133329402070e+00
1.818255031253475540e+00
1.820094910915442954e+00
1.821875714753500741e+00
1.823600197861780403e+00
1.825270941237021605e+00
1.826890364047031756e+00
1.828460734996055992e+00
1.829984182856537744e+00
1.831462706231425042e+00
1.832898182606334192e+00
1.834292376746306186e+00
1.835646948487688501e+00
1.836963459971771018e+00
1.838243382363187850e+00
1.839488102092749600e+00
1.840698926661276547e+00
1.841877090038132492e+00
1.843023757685523289e+00
1.844140031237178956e+00
1.845226952857782265e+00
1.846285509307423967e+00
1.847316635733456947e+00
1.848321219210346200e+00
1.849300102046489425e+00
1.850254084875483374e+00
1.851183929547922657e+00
1.852090361838561794e+00
1.852974073982494918e+00
1.853835727052912219e+00
1.854675953192043591e+00
1.855495357705926551e+00
1.856294521032844758e+00
1.857074000594463481e+00
1.857834332538000455e+00
1.858576033377070003e+00
1.859299601538246138e+00
1.860005518819795922e+00
1.860694251768527208e+00
1.861366252980149127e+00
1.862021962328122004e+00
1.862661808125523732e+00
1.863286208224030016e+00
1.863895571053755251e+00
1.864490296607314024e+00
1.865070777371139910e+00
1.865637399206767189e+00
1.866190542184498868e+00
1.866730581371595532e+00
1.867257887576845077e+00
1.867772828053161360e+00
1.868275767159616851e+00
1.868767066984102332e+00
1.869247087927635276e+00
1.869716189251173777e+00
1.870174729585619700e+00
1.870623067405593032e+00
1.871061561467440182e+00
1.871490571211844367e+00
1.871910457131324534e+00
1.872321581102890153e+00
1.872724306686025741e+00
1.873118999386197414e+00
1.873506026884022901e+00
1.873885759230256909e+00
1.874258569006715947e+00
1.874624831453260088e+00
1.874984924560909816e+00
1.875339229131137042e+00
1.875688128801281662e+00
1.876032010035924902e+00
1.876371262083876612e+00
1.876706276900201642e+00
1.877037449032372907e+00
1.877365175469245084e+00
1.877689855451021073e+00
1.878011890237746284e+00
1.878331682833095595e+00
1.878649637659369542e+00
1.878966160178552780e+00
1.879281656453213767e+00
1.879596532639807860e+00
1.879911194405717634e+00
1.880226046260183637e+00
1.880541490788237180e+00
1.880857927775955840e+00
1.881175753215085011e+00
1.881495358175361288e+00
1.881817127534193279e+00
1.882141438555760216e+00
1.882468659315642556e+00
1.882799146972850224e+00
1.883133245899081487e+00
1.883471285685215602e+00
1.883813579057672882e+00
1.884160419751969240e+00
1.884512080407362955e+00
1.884868810563864683e+00
1.885230834860011750e+00
1.885598351544855333e+00
1.885971531428571213e+00
1.886350517400547488e+00
1.886735424639357728e+00
1.887126341623437398e+00
1.887523332023238964e+00
1.887926437514723332e+00
1.888335681501518648e+00
1.888751073672121139e+00
1.889172615253921439e+00
1.889600304764195826e+00
1.890034144006745409e+00
1.890474144028779335e+00
1.890920330741703292e+00
1.891372749925057661e+00
1.891831471374986195e+00
1.892296592023773316e+00
1.892768237938505793e+00
1.893246565195647380e+00
1.893731759714717855e+00
1.894224036208951745e+00
1.894723636466971062e+00
1.895230827212849078e+00
1.895745897801678126e+00
1.896269157995806420e+00
1.896800936037583485e+00
1.897341577193140338e+00
1.897891442894247716e+00
1.898450910556946258e+00
1.899020374110607534e+00
1.899600245232522466e+00
1.900190955252521574e+00
1.900792957670251138e+00
1.901406731214040136e+00
1.902032783363778901e+00
1.902671654259586287e+00
1.903323920921520251e+00
1.903990201711750929e+00
1.904671160977976951e+00
1.905367513824170134e+00
1.906080030961059268e+00
1.906809543593286360e+00
1.907556948302466582e+00
1.908323211885069481e+00
1.909109376101108424e+00
1.909916562284030395e+00
1.910745975754251536e+00
1.911598909968772464e+00
1.912476750327774866e+00
1.913380977546735862e+00
1.914313170490204552e+00
1.915275008352075092e+00
1.916268272058067712e+00
1.917294844760701888e+00
1.918356711296692385e+00
1.919455956482974512e+00
1.920594762141854206e+00
1.921775402769045460e+00
1.923000239791165855e+00
1.924271714401120992e+00
1.925592339009214005e+00
1.926964687401752752e+00
1.928391383753068400e+00
1.929875090685229555e+00
1.931418496605734614e+00
1.933024302569925634e+00
1.934695208905930830e+00
1.936433901801812185e+00
1.938243039987386895e+00
1.940125241551839297e+00
1.942083070833096725e+00
1.944119025210934826e+00
1.946235521550811809e+00
1.948434881997225476e+00
1.950719318818319392e+00
1.953090918065167214e+00
1.955551621929492168e+00
1.958103209854629601e+00
1.960747278664118243e+00
1.963485222207939973e+00
1.966318211280035699e+00
1.969247174830731861e+00
1.972272783788142636e+00
1.975395439117845653e+00
1.978615266087261571e+00
1.981932117041640851e+00
1.985345585302104920e+00
1.988855032999894634e+00
1.992459635684010522e+00
1.996158446292606525e+00
1.999950480477014736e+00
2.003834824241714330e+00
2.007810763367317008e+00
2.011877932095410770e+00
2.016036476078093997e+00
2.020287221668457533e+00
2.024631840347391964e+00
2.029072993658486812e+00
2.033614440868138917e+00
2.038261089377729540e+00
2.043018967685459764e+00
2.047895103584052912e+00
2.052897297239710817e+00
2.058033790022272935e+00
2.063312844346584907e+00
2.068742264762849281e+00
2.074328902513760564e+00
2.080078191294897128e+00
2.085993759033533568e+00
2.092077149560023663e+00
2.098327671835014563e+00
2.104742376947763116e+00
2.111316148255473202e+00
2.118041880258455745e+00
2.124910717767344970e+00
2.131912327789019290e+00
2.139035180712352879e+00
2.146266823084911124e+00
2.153594130153797970e+00
2.161003531524681165e+00
2.168481207367855212e+00
2.176013255499809951e+00
2.183585831515864051e+00
2.191185265148897443e+00
2.198798156398566128e+00
2.206411454910571557e+00
2.214012525747571569e+00
2.221589204207245150e+00
2.229129841801689604e+00
2.236623344981239825e+00
2.244059207708423820e+00
2.251427538589430899e+00
2.258719082962576508e+00
2.265925240126525519e+00
2.273038075758413878e+00
2.280050329511644769e+00
2.286955417780331956e+00
2.293747431656706581e+00
2.300421130174521878e+00
2.306971929012334499e+00
2.313395884914580147e+00
2.319689676167063119e+00
