9.547902457939450721e-03
8.226067056230065844e-03
7.354245511868563734e-03
6.939200744020468034e-03
7.000079855477081732e-03
7.587263332860244916e-03
8.814221412847041831e-03
1.090634034169963087e-02
1.426751932399905609e-02
1.955670959219379251e-02
2.775039374326223121e-02
4.014558831758422569e-02
5.824453655110187894e-02
8.348389679963615084e-02
1.168519209012261750e-01
1.585533775464599004e-01
2.079322006849234905e-01
2.637390270581475016e-01
3.245933253827080200e-01
3.893686858808428353e-01
4.573366416857151395e-01
5.280886577728713949e-01
6.013477240802953538e-01
6.767703452807788400e-01
7.537952679091335373e-01
8.315606371505038785e-01
9.088928073388868878e-01
9.843601739262080041e-01
1.056377759035573849e+00
1.123341407392396407e+00
1.183766332931829313e+00
1.236405876419050864e+00
1.280333150341828263e+00
1.314978511084583968e+00
1.340125851599351270e+00
1.355877550924295960e+00
1.362600486925028331e+00
1.360864569634778309e+00
1.351382382919546377e+00
1.334955223362833454e+00
1.312428019369128229e+00
1.284653645148223777e+00
1.252465982692955837e+00
1.216660536294524197e+00
1.177981251189978318e+00
1.137112253930025796e+00
1.094673396552136246e+00
1.051218678074268720e+00
1.007236798394355537e+00
9.631532562081407400e-01
9.193335307346247598e-01
8.760869891623169758e-01
8.336712421125932471e-01
7.922967325589692633e-01
7.521313934590644346e-01
7.133052489622933034e-01
6.759148658047988700e-01
6.400275871241029035e-01
6.056855016796200974e-01
5.729091182726304687e-01
5.417007287074746547e-01
5.120474534516132881e-01
4.839239726558395849e-01
4.572949517344871984e-01
4.321171755756111343e-01
4.083414089121030210e-01
3.859140026666844636e-01
3.647782673920418328e-01
3.448756354451334438e-01
3.261466334242867915e-01
3.085316858017831398e-01
2.919717697269421097e-01
2.764089397611924070e-01
2.617867399262431838e-01
2.480505189727544857e-01
2.351476632690135404e-01
2.230277602135724568e-01
2.116427036279084350e-01
2.009467512104577691e-01
1.908965428494281136e-01
1.814510874092061798e-01
1.725717245293080515e-01
1.642220670065922816e-01
1.563679284687244930e-01
1.489772402849633415e-01
1.420199609931484808e-01
1.354679809419928049e-01
1.292950243477974659e-01
1.234765505365254673e-01
1.179896557781191513e-01
1.128129768125110954e-01
1.079265969090045518e-01
1.033119550861224811e-01
9.895175894176050369e-02
9.482990139823559150e-02
9.093138154890442748e-02
8.724222969824192708e-02
8.374943661201664225e-02
8.044088693527069733e-02
7.730529669050117958e-02
7.433215473438112286e-02
7.151166802655237187e-02
6.883471054676003342e-02
6.629277568545033361e-02
6.387793192669519171e-02
6.158278163993822357e-02
5.940042279772720507e-02
5.732441343961457159e-02
5.534873870719043965e-02
5.346778028129635374e-02
5.167628805947181714e-02
4.996935391928798709e-02
4.834238742120084559e-02
4.679109331268545280e-02
4.531145070356786680e-02
4.389969379050866899e-02
4.255229401644736176e-02
4.126594355840311479e-02
4.003754004430881697e-02
3.886417240650068966e-02
3.774310778607326694e-02
3.667177940852567319e-02
3.564777535697641331e-02
3.466882817471232670e-02
3.373280523395955771e-02
3.283769981255153791e-02
3.198162282461911726e-02
3.116279515556004062e-02
3.037954055538454393e-02
2.963027904807980992e-02
2.891352081792519096e-02
2.822786053672431475e-02
2.757197209872160742e-02
2.694460373255754687e-02
2.634457346199738786e-02
2.577076488936682133e-02
2.522212327764372652e-02
2.469765190902158819e-02
2.419640869946627568e-02
2.371750305036588596e-02
2.326009291981745442e-02
2.282338209742928309e-02
2.240661766773666477e-02
2.200908764845826288e-02
2.163011879085115566e-02
2.126907453037721676e-02
2.092535307676637174e-02
2.059838563336900685e-02
2.028763473643282675e-02
1.999259270562163404e-02
1.971278019772634837e-02
1.944774485609903486e-02
1.919706004888282330e-02
1.896032368960559600e-02
1.873715713417104661e-02
1.852720414870756907e-02
1.833012994313625021e-02
1.814562026569063041e-02
1.797338055396505846e-02
1.781313513839525783e-02
1.766462649437153948e-02
1.752761453946864376e-02
1.740187597253520582e-02
1.728720365162798520e-02
1.718340600799995316e-02
1.709030649355256642e-02
1.700774305934996469e-02
1.693556766295557098e-02
1.687364580249473694e-02
1.682185607546872463e-02
1.678008976044210315e-02
1.674825041979679727e-02
1.672625352179144681e-02
1.671402608018073693e-02
1.671150630963611286e-02
1.671864329516771497e-02
1.673539667367414038e-02
1.676173632564927421e-02
1.679764207495352060e-02
1.684310339442167404e-02
1.689811911494041446e-02
1.696269713550093913e-02
1.703685413164748863e-02
1.712061525972158327e-02
1.721401385440136933e-02
1.731709111730194567e-02
1.742989579491554392e-02
1.755248384501642903e-02
1.768491809194232614e-02
1.782726787301874144e-02
1.797960868095629591e-02
1.814202181046736112e-02
1.831459402176496137e-02
1.849741723913780889e-02
1.869058830950406230e-02
1.889420885370106384e-02
1.910838525208730446e-02
1.933322881542504784e-02
1.956885620131030776e-02
1.981539014460017428e-02
2.007296057595100297e-02
2.034170620390787082e-02
2.062177663081851339e-02
2.091333505883437305e-02
2.121656161715071431e-02
2.153165730368982247e-02
2.185884848297384164e-02
2.219839181800129305e-02
2.255057944086135205e-02
2.291574409062777096e-02
2.329426387652668712e-02
2.368656627040903809e-02
2.409313090704335789e-02
2.451449078460330583e-02
2.495123151861080787e-02
2.540398841265886082e-02
2.587344126340360151e-02
2.636030700286349365e-02
2.686533047862956630e-02
2.738927385880515070e-02
2.793290529965988811e-02
2.849698761008147979e-02
2.908226767502179386e-02
2.968946735645211499e-02
3.031927648049628776e-02
3.097234835707188966e-02
3.164929808273162642e-02
3.235070367005718484e-02
3.307710984892976019e-02
3.382903421424866830e-02
3.460697526437735150e-02
3.541142179233307957e-02
3.624286305931438690e-02
3.710179919420125705e-02
3.798875131565392083e-02
3.890427095514102651e-02
3.984894845817570086e-02
4.082342014601465785e-02
4.182837412126029497e-02
4.286455469061450918e-02
4.393276545145594764e-02
4.503387114352668669e-02
4.616879840262939905e-02
4.733853557141277923e-02
4.854413172574983948e-02
4.978669506719748256e-02
5.106739081596804730e-02
5.238743871796634755e-02
5.374811025647443369e-02
5.515072563623348023e-02
5.659665058657188663e-02
5.808729301194672651e-02
5.962409950333748959e-02
6.120855171250664389e-02
6.284216258294278434e-02
6.452647242577812248e-02
6.626304482526487738e-02
6.805346235547674039e-02
6.989932208659790924e-02
7.180223085434021824e-02
7.376380025875810265e-02
7.578564134859212820e-02
7.786935893472619885e-02
8.001654546311594285e-02
8.222877436707028143e-02
8.450759281639291798e-02
8.685451379379204029e-02
8.927100746549500310e-02
9.175849188122625621e-02
9.431832314399053729e-02
9.695178533200904392e-02
9.966008062369705045e-02
1.024443202493702521e-01
1.053055170342110936e-01
1.082445803583157035e-01
1.112623142889595379e-01
1.143594193921293051e-01
1.175364982811409470e-01
1.207940643225699773e-01
1.241325521520580677e-01
1.275523278573146013e-01
1.310536959939835322e-01
1.346369001441685698e-01
1.383021136066651668e-01
1.420494170607143336e-01
1.458787606371389489e-01
1.497899086686250436e-01
1.537823663587401524e-01
1.578552886200340066e-01
1.620073723755035000e-01
1.662367347914912863e-01
1.705407814109627940e-01
1.749160702350794072e-01
1.793581806708400839e-01
1.838615999634818643e-01
1.884196439592155659e-01
1.930244329553143234e-01
1.976669454531568837e-01
2.023371705813840349e-01
2.070243711248601071e-01
2.117174512078404958e-01
2.164053953489694371e-01
2.210777122616204848e-01
2.257247862239491476e-01
2.303380249498034882e-01
2.349097107233536208e-01
2.394325196972306169e-01
2.438987659026592425e-01
2.482995253160310001e-01
2.526238618628124377e-01
2.568583768657798361e-01
2.609872267615019892e-01
2.649926260752893947e-01
2.688557228985681280e-01
2.725576506980671443e-01
2.760805469182591176e-01
2.794083771201565924e-01
2.825274831819662436e-01
2.854268519622945588e-01
2.880981546123894677e-01
2.905356299884497839e-01
2.927358838871069180e-01
2.946976596971393469e-01
2.964216155151960241e-01
2.979101244374722235e-01
2.991671015948088042e-01
3.001978538811310160e-01
3.010089451741222999e-01
3.016080696754973034e-01
3.020039274497667847e-01
3.022060983117768607e-01
3.022249122742712291e-01
3.020713164878753854e-01
3.017567398643882237e-01
3.012929573704675179e-01
3.006919563753936986e-01
2.999658075192901951e-01
2.991265424233109371e-01
2.981860402671030474e-01
2.971559248734082503e-01
2.960474735130591006e-01
2.948715382114467376e-01
2.936384799251178235e-01
2.923581155817513988e-01
2.910396776492764070e-01
2.896917856263396263e-01
