1.101528441254104491e-02
1.178033089072914527e-02
1.437000189986935815e-02
1.920109656654853461e-02
2.681616971498186272e-02
3.793298643264771119e-02
5.351282700518463636e-02
7.484845906438093721e-02
1.036624724851813173e-01
1.421843835994495431e-01
1.931376698981862039e-01
2.595270526547261980e-01
3.441147920092159640e-01
4.485825521748638134e-01
5.726178445992111676e-01
7.134115921841296393e-01
8.660310357134241022e-01
1.024670106423039018e+00
1.184159954283306782e+00
1.340957861238130544e+00
1.493289921348724736e+00
1.640677259002404131e+00
1.783265806174644919e+00
1.921255469401767613e+00
2.054537399393801866e+00
2.182532843896774377e+00
2.304187098161296188e+00
2.418069496695108178e+00
2.522536982523488014e+00
2.615923959136405852e+00
2.696725028099840937e+00
2.763743167846267390e+00
2.816185683590296751e+00
2.853702531816559862e+00
2.876373090692304402e+00
2.884655064670799796e+00
2.879311798953085422e+00
2.861332656774965066e+00
2.831857156537131992e+00
2.792109123931868719e+00
2.743343385446700200e+00
2.686804982532889241e+00
2.623699477119342927e+00
2.555172366937653372e+00
2.482295610385478746e+00
2.406059511371591686e+00
2.327368557438834529e+00
2.247040139226336830e+00
2.165805360736741125e+00
2.084311366015186184e+00
2.003124763985419499e+00
1.922735841362027909e+00
1.843563326792455825e+00
1.765959518969351105e+00
1.690215626046092323e+00
1.616567189332496657e+00
1.545199484828604364e+00
1.476252813940314379e+00
1.409827610877579129e+00
1.345989309237165532e+00
1.284772924206006417e+00
1.226187319595669845e+00
1.170219140391435930e+00
1.116836401549760271e+00
1.065991732338904985e+00
1.017625282585199908e+00
9.716673028151863178e-01
9.280404145708815999e-01
8.866615902524903614e-01
8.474438638594488094e-01
8.102977951136057788e-01
7.751327098128312221e-01
7.418577390266671845e-01
7.103826790426679416e-01
6.806186929228248417e-01
6.524788732377626577e-01
6.258786840999162049e-01
6.007362990878990505e-01
5.769728501003140719e-01
5.545126006435134869e-01
5.332830555775560644e-01
5.132150179421177683e-01
4.942426021750801479e-01
4.763032118306100848e-01
4.593374888047944138e-01
4.432892400858139403e-01
4.281053471592768389e-01
4.137356624131414695e-01
4.001328961941326701e-01
3.872524975618625853e-01
3.750525312602800421e-01
3.634935529711091351e-01
3.525384845231110953e-01
3.421524903971482345e-01
3.323028565834869608e-01
3.229588726083480466e-01
3.140917173457061229e-01
3.056743490627001902e-01
2.976814000081063893e-01
2.900890757391250685e-01
2.828750592885944659e-01
2.760184201995909969e-01
2.694995283943558695e-01
2.632999727973103221e-01
2.574024845954555607e-01
2.517908649919230468e-01
2.464499172883749534e-01
2.413653831179596310e-01
2.365238826415785311e-01
2.319128585153225064e-01
2.275205234353131212e-01
2.233358110671720964e-01
2.193483301703577359e-01
2.155483217322140543e-01
2.119266189323559535e-01
2.084746097646725804e-01
2.051842021514677372e-01
2.020477913919095647e-01
1.990582297947943724e-01
1.962087983535660829e-01
1.934931803294051567e-01
1.909054366159710359e-01
1.884399827669423488e-01
1.860915675748350262e-01
1.838552530966296172e-01
1.817263960284846436e-01
1.797006303382519543e-01
1.777738510706106112e-01
1.759421992454185402e-01
1.742020477753153662e-01
1.725499883337527074e-01
1.709828191094207028e-01
1.694975333875539669e-01
1.680913089028024943e-01
1.667614979122873931e-01
1.655056179411099060e-01
1.643213431559991389e-01
1.632064963259273749e-01
1.621590413314664414e-01
1.611770761873708990e-01
1.602588265453802618e-01
1.594026396465680340e-01
1.586069786946935622e-01
1.578704176240076085e-01
1.571916362367702935e-01
1.565694156874341547e-01
1.560026342919748066e-01
1.554902636422888229e-01
1.550313650068737004e-01
1.546250860002216787e-01
1.542706575044529571e-01
1.539673908277536529e-01
1.537146750851104138e-01
1.535119747877245477e-01
1.533588276282916441e-01
1.532548424500957407e-01
1.531996973885825786e-01
1.531931381747549392e-01
1.532349765903662786e-01
1.533250890655358523e-01
1.534634154099822345e-01
1.536499576697064884e-01
1.538847791015279798e-01
1.541680032584896998e-01
1.544998131797840069e-01
1.548804506794690117e-01
1.553102157289500962e-01
1.557894659289045802e-01
1.563186160671075908e-01
1.568981377594625692e-01
1.575285591724501777e-01
1.582104648262420699e-01
1.589444954788408748e-01
1.597313480929030971e-01
1.605717758883095647e-01
1.614665884852104216e-01
1.624166521441087752e-01
1.634228901117051047e-01
1.644862830836674727e-01
1.656078697983457970e-01
1.667887477787142192e-01
1.680300742436024453e-01
1.693330672136430237e-01
1.706990068423505369e-01
1.721292370084555046e-01
1.736251672120875666e-01
1.751882748246506305e-01
1.768201077502609686e-01
1.785222875653426355e-01
1.802965132122455183e-01
1.821445653322444902e-01
1.840683113326108955e-01
1.860697112908545892e-01
1.881508248058637867e-01
1.903138189091637122e-01
1.925609771482437726e-01
1.948947099457396248e-01
1.973175663206303554e-01
1.998322470275881724e-01
2.024416191248894492e-01
2.051487319165783973e-01
2.079568341278042742e-01
2.108693920613068928e-01
2.138901083472288245e-01
2.170229407396905563e-01
2.202721202370429565e-01
2.236421676181069851e-01
2.271379073085115219e-01
2.307644773394874060e-01
2.345273340606249535e-01
2.384322502459702842e-01
2.424853053174726436e-01
2.466928666259407543e-01
2.510615610938020659e-01
2.555982370396966408e-01
2.603099166585635671e-01
2.652037403886803313e-01
2.702869052050812515e-01
2.755665996653772210e-01
2.810499392159566123e-01
2.867439057580227768e-01
2.926552956962401586e-01
2.987906805903109975e-01
3.051563840747584244e-01
3.117584779162624331e-01
3.186027989944250072e-01
3.256949877125694393e-01
3.330405469904499927e-01
3.406449196944023039e-01
3.485135812511864217e-01
3.566521433749544334e-01
3.650664643798498532e-01
3.737627614752213057e-01
3.827477207216136712e-01
3.920286008999544491e-01
4.016133283236468232e-01
4.115105805021048724e-01
4.217298574463047567e-01
4.322815402082048064e-01
4.431769369043024875e-01
4.544283169512436937e-01
4.660489345234958836e-01
4.780530423337224777e-01
4.904558967535064262e-01
5.032737550608938903e-01
5.165238652507332384e-01
5.302244484013862724e-01
5.443946730818967072e-01
5.590546207268805023e-01
5.742252403183554232e-01
5.899282901065037166e-01
6.061862634857199117e-01
6.230222955287458841e-01
6.404600460836382680e-01
6.585235547740529993e-01
6.772370627392264586e-01
6.966247955430031613e-01
7.167107014220175376e-01
7.375181389981317892e-01
7.590695088345087438e-01
7.813858238720484684e-01
8.044862149656635264e-01
8.283873695850397789e-01
8.531029043961735336e-01
8.786426760365187993e-01
9.050120390503370027e-01
9.322110657211334361e-01
9.602337493939397950e-01
9.890672206591138993e-01
1.018691014129655015e+00
1.049076431925603181e+00
1.080186057576006720e+00
1.111973479817543353e+00
1.144383288480372185e+00
1.177351403012474318e+00
1.210805787032075198e+00
1.244667588815774995e+00
1.278852727680142909e+00
1.313273920549231644e+00
1.347843113412243277e+00
1.382474251651992558e+00
1.417086294859929207e+00
1.451606359417577208e+00
1.485972858961390752e+00
1.520138510746363858e+00
1.554073084937625193e+00
1.587765791953221317e+00
1.621227226186444215e+00
1.654490807408623976e+00
1.687613678007600981e+00
1.720677019456046342e+00
1.753785740769505441e+00
1.787067462877296009e+00
1.820670675947737127e+00
1.854761885016857237e+00
1.889521489904752771e+00
1.925138080631227711e+00
1.961800788299725040e+00
1.999689340656108483e+00
2.038961566136873849e+00
2.079738309495350990e+00
2.122086100133826925e+00
2.165998462225095622e+00
2.211377436689016207e+00
2.258017588724240188e+00
2.305595306678566381e+00
2.353666306409283315e+00
2.401673706898327598e+00
2.448967741905426543e+00
2.494836270445692783e+00
2.538543172359930544e+00
2.579370056047863180e+00
2.616655994971341936e+00
2.649830484301153533e+00
2.678436301267197006e+00
2.702140971730581320e+00
2.720737498698133638e+00
2.734136433753521001e+00
2.742352067856862696e+00
2.745485536545350325e+00
2.743707186247505092e+00
2.737239882795265977e+00
2.726344264971813036e+00
2.711306379954398604e+00
2.692427732938375673e+00
2.670017536490363330e+00
2.644386825531114926e+00
2.615844072802254505e+00
2.584691962280918798e+00
2.551225027530904299e+00
2.515727920405052664e+00
2.478474132111080586e+00
2.439725037963312637e+00
2.399729177129063196e+00
2.358721709301037084e+00
2.316924012469360417e+00
2.274543401224077943e+00
2.231772954753464600e+00
2.188791449264756217e+00
2.145763392105819456e+00
2.102839155365546553e+00
2.060155205938129175e+00
2.017834427536207897e+00
1.975986528364691797e+00
1.934708526428494890e+00
1.894085302949324312e+00
