6.337676968439596992e-02
6.233364672179902977e-02
6.191423000293640178e-02
6.230027038007975027e-02
6.372642116818605373e-02
6.649431340911096666e-02
7.099119137955571535e-02
7.771474670552760977e-02
8.730556169441840153e-02
1.005869896310843253e-01
1.186083848212883957e-01
1.426808338834730239e-01
1.743861666163727120e-01
2.155351646200702187e-01
2.680594589080286805e-01
3.338504015158937910e-01
4.145938797146668797e-01
5.116608186887383614e-01
6.260850580068787474e-01
7.586177586906288628e-01
9.098209476579965926e-01
1.080158970836277765e+00
1.270058132820657715e+00
1.479923154129007656e+00
1.710115549040460703e+00
1.960907432524547689e+00
2.232424540641453792e+00
2.524588705877595096e+00
2.837066899857111579e+00
3.169232708406119592e+00
3.520145624870499201e+00
3.888552024771028126e+00
4.272908448501265610e+00
4.671423846893391740e+00
5.082114436097712407e+00
5.502863865069261173e+00
5.931482432807326788e+00
6.365761184883924173e+00
6.803518857363433092e+00
7.242641208028675059e+00
7.681113137761609089e+00
8.117044309642210465e+00
8.548688958215020506e+00
8.974460448206700747e+00
9.392941015065613186e+00
9.802887052606886087e+00
1.020323031157778892e+01
1.059307541794474972e+01
1.097169418403097829e+01
1.133851724476771494e+01
1.169312358837843036e+01
1.203522855774640199e+01
1.236467087506790286e+01
1.268139919298881857e+01
1.298545860784890671e+01
1.327697749318905096e+01
1.355615493180583009e+01
1.382324894829188722e+01
1.407856567526039804e+01
1.432244952765619317e+01
1.455527441159014401e+01
1.477743595681279487e+01
1.498934473437340031e+01
1.519142040190504339e+01
1.538408670689357294e+01
1.556776727179999398e+01
1.574288208270096234e+01
1.590984460405082856e+01
1.606905944530216246e+01
1.622092050968903010e+01
1.636580956088797478e+01
1.650409514908206887e+01
1.663613184384315247e+01
1.676225972699254640e+01
1.688280410405415921e+01
1.699807539798742440e+01
1.710836919353353025e+01
1.721396640471091999e+01
1.731513354176049546e+01
1.741212305718503828e+01
1.750517375347944338e+01
1.759451123773888170e+01
1.768034841059619566e+01
1.776288597890947329e+01
1.784231298333017435e+01
1.791880733335939624e+01
1.799253634377562250e+01
1.806365726741316280e+01
1.813231782021308192e+01
1.819865669527418817e+01
1.826280406332108441e+01
1.832488205759291588e+01
1.838500524165523231e+01
1.844328105905929149e+01
1.849981026412889307e+01
1.855468733345322008e+01
1.860800085791296254e+01
1.865983391527311142e+01
1.871026442354451902e+01
1.875936547545403954e+01
1.880720565447231252e+01
1.885384933293476450e+01
1.889935695285736728e+01
1.894378529009750167e+01
1.898718770254448174e+01
1.902961436304611453e+01
1.907111247778893315e+01
1.911172649085245467e+01
1.915149827565323193e+01
1.919046731398399785e+01
1.922867086333786446e+01
1.926614411318864484e+01
1.930292033087619430e+01
1.933903099772158640e+01
1.937450593597112913e+01
1.940937342714126856e+01
1.944366032230913888e+01
1.947739214486576742e+01
1.951059318622134597e+01
1.954328659492469811e+01
1.957549445963264390e+01
1.960723788633871578e+01
1.963853707024585304e+01
1.966941136264336976e+01
1.969987933312578576e+01
1.972995882746858598e+01
1.975966702145566956e+01
1.978902047093302485e+01
1.981803515834493368e+01
1.984672653599109182e+01
1.987510956622711689e+01
1.990319875881505851e+01
1.993100820561656050e+01
1.995855161280781687e+01
1.998584233078313588e+01
2.001289338190245459e+01
2.003971748622739923e+01
2.006632708538090171e+01
2.009273436465606011e+01
2.011895127349182033e+01
2.014498954442519718e+01
2.017086071062282571e+01
2.019657612208817099e+01
2.022214696063479877e+01
2.024758425371052795e+01
2.027289888715262833e+01
2.029810161694951631e+01
2.032320308008018372e+01
2.034821380449904993e+01
2.037314421833037059e+01
2.039800465833322463e+01
2.042280537769515547e+01
2.044755655321037580e+01
2.047226829189546393e+01
2.049695063709421561e+01
2.052161357412060028e+01
2.054626703548793643e+01
2.057092090577031840e+01
2.059558502614159892e+01
2.062026919863580332e+01
2.064498319017249628e+01
2.066973673638958431e+01
2.069453954532605167e+01
2.071940130099685717e+01
2.074433166690241137e+01
2.076934028951546196e+01
2.079443680178910014e+01
2.081963082673050991e+01
2.084493198108673440e+01
2.087034987919058082e+01
2.089589413701702014e+01
2.092157437650350005e+01
2.094740023019095077e+01
2.097338134624625283e+01
2.099952739393183165e+01
2.102584806959334429e+01
2.105235310324277975e+01
2.107905226582116143e+01
2.110595537723294512e+01
2.113307231525238095e+01
2.116041302541136560e+01
2.118798753198710116e+01
2.121580595021735505e+01
2.124387849987908439e+01
2.127221552037324059e+01
2.130082748746235310e+01
2.132972503180770829e+01
2.135891895944644148e+01
2.138842027433426551e+01
2.141824020305331899e+01
2.144839022174341281e+01
2.147888208525499820e+01
2.150972785843902457e+01
2.154093994937814927e+01
2.157253114422195495e+01
2.160451464311242376e+01
2.163690409647526991e+01
2.166971364070797179e+01
2.170295793202646806e+01
2.173665217694922447e+01
2.177081215762391153e+01
2.180545424996528681e+01
2.184059543241557577e+01
2.187625328310733508e+01
2.191244596336013117e+01
2.194919218583237353e+01
2.198651116632853331e+01
2.202442255926234793e+01
2.206294637810050219e+01
2.210210290371607300e+01
2.214191258537037754e+01
2.218239594085668998e+01
2.222357346396677258e+01
2.226546554862826355e+01
2.230809243954966092e+01
2.235147421877701746e+01
2.239563083607911054e+01
2.244058218853173869e+01
2.248634825122660530e+01
2.253294925700998519e+01
2.258040591901507810e+01
2.262873968601673624e+01
2.267797301781529384e+01
2.272812966634786491e+01
2.277923494824836581e+01
2.283131599612298501e+01
2.288440197864544956e+01
2.293852428329565996e+01
2.299371665965756506e+01
2.305001532513531259e+01
2.310745903829369041e+01
2.316608914746528214e+01
2.322594962364173554e+01
2.328708708698564678e+01
2.334955083569962753e+01
2.341339288468814317e+01
2.347866801970017292e+01
2.354543387069394811e+01
2.361375100622541723e+01
2.368368304888249654e+01
2.375529681025730611e+01
2.382866244270412182e+01
2.390385360416058091e+01
2.398094763157362763e+01
2.406002571790939015e+01
2.414117308727234246e+01
2.422447916225053177e+01
2.431003771718468087e+01
2.439794701058706394e+01
2.448830988938249220e+01
2.458123385699466468e+01
2.467683109655924767e+01
2.477521843972915505e+01
2.487651727068416108e+01
2.498085335412299202e+01
2.508835657527817631e+01
2.519916057945492582e+01
2.531340229838200528e+01
2.543122135093005909e+01
2.555275930668255668e+01
2.567815880264000228e+01
2.580756250621707792e+01
2.594111192187391524e+01
2.607894604440154396e+01
2.622119986920496970e+01
2.636800277894915467e+01
2.651947683657958876e+01
2.667573502674058972e+01
2.683687950051573878e+01
2.700299989146993340e+01
2.717417178319117355e+01
2.735045541868088748e+01
2.753189474863350483e+01
2.771851691743403734e+01
2.791033228126058319e+01
2.810733504098093860e+01
2.830950455306091129e+01
2.851680735460853811e+01
2.872919990491091724e+01
2.894663200712420803e+01
2.916905083262761877e+01
2.939640542992723482e+01
2.962865156309974779e+01
2.986575669465448613e+01
3.010770490690928725e+01
3.035450154621087293e+01
3.060617737618166956e+01
3.086279203901942836e+01
3.112443664591754100e+01
3.139123534613015565e+01
3.166334575566824583e+01
3.194095815750292644e+01
3.222429341229776867e+01
3.251359953992571405e+01
3.280914694683725941e+01
3.311122228452599359e+01
3.342012093455284827e+01
3.373613813379029835e+01
3.405955879082996063e+01
3.439064611401075666e+01
3.472962928567591945e+01
3.507669058270344209e+01
3.543195255376120656e+01
3.579546609204249563e+01
3.616720043590399314e+01
3.654703621487254850e+01
3.693476255711958345e+01
3.733007893636862207e+01
3.773260187343790051e+01
3.814187591512018827e+01
3.855738765492066022e+01
3.897858111770167255e+01
3.940487273123866885e+01
3.983566437203239019e+01
4.027035350567317096e+01
4.070834007781496666e+01
4.114903038215469167e+01
4.159183852336786202e+01
4.203618626981413087e+01
4.248150208226365976e+01
4.292721997452524363e+01
4.337277867709666168e+01
4.381762138782832494e+01
4.426119623457416452e+01
4.470295745562185630e+01
4.514236722375712674e+01
4.557889799250068563e+01
4.601203522014289149e+01
4.644128032126742767e+01
4.686615370074507325e+01
4.728619773760815548e+01
4.770097960301166751e+01
4.811009381576477040e+01
4.851316445934609334e+01
4.890984700489095616e+01
4.929982970454928193e+01
4.968283453820038176e+01
5.005861771324405396e+01
5.042696973167349483e+01
5.078771505062142921e+01
5.114071137194338945e+01
5.148584860318000977e+01
5.182304753655760976e+01
5.215225829476150921e+01
5.247345859234555121e+01
5.278665186014050192e+01
