8.398158493795920094e+02
8.398173889959180087e+02
8.398159467787633048e+02
8.398109212906438188e+02
8.398015258738657849e+02
8.397867086106510897e+02
8.397650355333908010e+02
8.397345290847486012e+02
8.396924661316045331e+02
8.396351719606487904e+02
8.395579072265288687e+02
8.394550227489282861e+02
8.393205877773986003e+02
8.391495593755805658e+02
8.389391969382789966e+02
8.386900342618403101e+02
8.384057070019294997e+02
8.380915279928497057e+02
8.377525555953300227e+02
8.373922030268043954e+02
8.370118978695566057e+02
8.366115729981808045e+02
8.361904867081244674e+02
8.357479931267091615e+02
8.352840982302332122e+02
8.347997733457538061e+02
8.342970519608021505e+02
8.337789498436064832e+02
8.332492530655214296e+02
8.327122235006860365e+02
8.321722750891749456e+02
8.316336717760290185e+02
8.311002870469048958e+02
8.305754471923952451e+02
8.300618609400651167e+02
8.295616223644485672e+02
8.290762652724330337e+02
8.286068457489379853e+02
8.281540331913944328e+02
8.277181961947924265e+02
8.272994757770654815e+02
8.268978433304367854e+02
8.265131439182507620e+02
8.261451272532160601e+02
8.257934692845786913e+02
8.254577872099220031e+02
8.251376502560636936e+02
8.248325879811034156e+02
8.245420972791547456e+02
8.242656487926606133e+02
8.240026930792428175e+02
8.237526666375400737e+02
8.235149977519573667e+02
8.232891120467472774e+02
8.230744376225669612e+02
8.228704096638068677e+02
8.226764744370051403e+02
8.224920926383235837e+02
8.223167420841493822e+02
8.221499197692166945e+02
8.219911433394875075e+02
8.218399520421268107e+02
8.216959072230458787e+02
8.215585924448681681e+02
8.214276132961877011e+02
8.213025969579746288e+02
8.211831915860860818e+02
8.210690655610100066e+02
8.209599066479291878e+02
8.208554211024172673e+02
8.207553327499501847e+02
8.206593820610611374e+02
8.205673252385273599e+02
8.204789333283976021e+02
8.203939913629659486e+02
8.203122975408216462e+02
8.202336624468246100e+02
8.201579083131371135e+02
8.200848683211776233e+02
8.200143859435104332e+02
8.199463143240978980e+02
8.198805156950083983e+02
8.198168608275045699e+02
8.197552285153831235e+02
8.196955050884864704e+02
8.196375839543894699e+02
8.195813651664059307e+02
8.195267550161900090e+02
8.194736656493607825e+02
8.194220147027247094e+02
8.193717249617942571e+02
8.193227240374353642e+02
8.192749440605712152e+02
8.192283213939756479e+02
8.191827963602596583e+02
8.191383129852290494e+02
8.190948187558503832e+02
8.190522643921057124e+02
8.190106036320614749e+02
8.189697930295089918e+02
8.189297917635682325e+02
8.188905614596642408e+02
8.188520660213137035e+02
8.188142714721818720e+02
8.187771458078785827e+02
8.187406588569926953e+02
8.187047821508715515e+02
8.186694888016745608e+02
8.186347533882445759e+02
8.186005518493576574e+02
8.185668613839304726e+02
8.185336603577778760e+02
8.185009282165362947e+02
8.184686454043769572e+02
8.184367932881615388e+02
8.184053540866973435e+02
8.183743108047766555e+02
8.183436471716963752e+02
8.183133475839678113e+02
8.182833970519520790e+02
8.182537811501592842e+02
8.182244859709755929e+02
8.181954980815921772e+02
8.181668044839216236e+02
8.181383925773064902e+02
8.181102501238326568e+02
8.180823652160740949e+02
8.180547262471073964e+02
8.180273218826439461e+02
8.180001410351391087e+02
8.179731728397458710e+02
8.179464066319909534e+02
8.179198319270587945e+02
8.178934384005744960e+02
8.178672158707897779e+02
8.178411542820750810e+02
8.178152436896331210e+02
8.177894742453512436e+02
8.177638361847186843e+02
8.177383198147325629e+02
8.177129155027325851e+02
8.176876136660949896e+02
8.176624047627298069e+02
8.176372792823243572e+02
8.176122277382817174e+02
8.175872406603015179e+02
8.175623085875564584e+02
8.175374220624202053e+02
8.175125716247040373e+02
8.174877478063565377e+02
8.174629411265935914e+02
8.174381420874143487e+02
8.174133411694710958e+02
8.173885288282556303e+02
8.173636954905666698e+02
8.173388315512274858e+02
8.173139273700209060e+02
8.172889732688051936e+02
8.172639595287864722e+02
8.172388763879091584e+02
8.172137140383376845e+02
8.171884626239956333e+02
8.171631122381326122e+02
8.171376529208812372e+02
8.171120746567786455e+02
8.170863673722086560e+02
8.170605209327366083e+02
8.170345251402915210e+02
8.170083697301598704e+02
8.169820443677442654e+02
8.169555386450435890e+02
8.169288420767974230e+02
8.169019440962475755e+02
8.168748340504495218e+02
8.168475011950691851e+02
8.168199346885904788e+02
8.167921235858555065e+02
8.167640568308413549e+02
8.167357232485761642e+02
8.167071115360856766e+02
8.166782102522440709e+02
8.166490078063959572e+02
8.166194924456042372e+02
8.165896522403595554e+02
8.165594750685854706e+02
8.165289485977551749e+02
8.164980602649330876e+02
8.164667972545527164e+02
8.164351464737483184e+02
8.164030945250733566e+02
8.163706276764676204e+02
8.163377318283868362e+02
8.163043924780731686e+02
8.162705946810427804e+02
8.162363230100037299e+02
8.162015615115700484e+02
8.161662936613540751e+02
8.161305023182570721e+02
8.160941696790594051e+02
8.160572772347237560e+02
8.160198057301316794e+02
8.159817351292956573e+02
8.159430445883285756e+02
8.159037124386265987e+02
8.158637161827383579e+02
8.158230325051983982e+02
8.157816373001699048e+02
8.157395057169719621e+02
8.156966122234957766e+02
8.156529306861095847e+02
8.156084344629923635e+02
8.155630965060539666e+02
8.155168894648282958e+02
8.154697857842395479e+02
8.154217577871279445e+02
8.153727777321450958e+02
8.153228178382402120e+02
8.152718502685188469e+02
8.152198470687043255e+02
8.151667800585403256e+02
8.151126206779034646e+02
8.150573397927385031e+02
8.150009074687238808e+02
8.149432927225062713e+02
8.148844632611460383e+02
8.148243852200587298e+02
8.147630229083464428e+02
8.147003385682422731e+02
8.146362921528032075e+02
8.145708411233617880e+02
8.145039402658738936e+02
8.144355415234683733e+02
8.143655938412669002e+02
8.142940430189880772e+02
8.142208315668523255e+02
8.141458985607806653e+02
8.140691794936694805e+02
8.139906061204998196e+02
8.139101062960813806e+02
8.138276038052630383e+02
8.137430181864185670e+02
8.136562645499172959e+02
8.135672533941251459e+02
8.134758904222773026e+02
8.133820763643429927e+02
8.132857068088165988e+02
8.131866720502296175e+02
8.130848569591305477e+02
8.129801408823284419e+02
8.128723975823789942e+02
8.127614952265581678e+02
8.126472964369744432e+02
8.125296584149111823e+02
8.124084331539731920e+02
8.122834677580299285e+02
8.121546048812049321e+02
8.120216833081187815e+02
8.118845386930798895e+02
8.117430044766886112e+02
8.115969129971456368e+02
8.114460968110875001e+02
8.112903902346996574e+02
8.111296311098152501e+02
8.109636627913380380e+02
8.107923363413823381e+02
8.106155129017823810e+02
8.104330662001524388e+02
8.102448851257147453e+02
8.100508762903383513e+02
8.098509664686864653e+02
8.096451047906452914e+02
8.094332645413176124e+02
8.092154444113123191e+02
8.089916690354996263e+02
8.087619886645355791e+02
8.085264778324869894e+02
8.082852329171803376e+02
8.080383685374331435e+02
8.077860127913988890e+02
8.075283014092464100e+02
8.072653709659336982e+02
8.069973513693644236e+02
8.067243578986747252e+02
8.064464831105696021e+02
8.061637889540036213e+02
8.058762994333837923e+02
8.055839941394083326e+02
8.052868029293175596e+02
8.049846019919666560e+02
8.046772114864452305e+02
8.043643949047822161e+02
8.040458602873167138e+02
8.037212634189060054e+02
8.033902131571633163e+02
8.030522790877055286e+02
8.027070017573684027e+02
8.023539057884934209e+02
8.019925162003613650e+02
8.016223782218544329e+02
8.012430807270592368e+02
8.008542831132735955e+02
8.004557449281553545e+02
8.000473568308840413e+02
7.996291705956667784e+02
7.992014249827365120e+02
7.987645636641415194e+02
7.983192413195343988e+02
7.978663148008082544e+02
7.974068180149942009e+02
7.969419216878086445e+02
7.964728818933399452e+02
7.960009834081940880e+02
7.955274848886813288e+02
7.950535722712079405e+02
7.945803248705267379e+02
7.941086960265885182e+02
7.936395075937715546e+02
7.931734556794383479e+02
7.927111240925994480e+02
7.922530018987897620e+02
7.917995020285264900e+02
7.913509787331361167e+02
7.909077425573489109e+02
7.904700722384316123e+02
7.900382234796345529e+02
7.896124348826579080e+02
7.891929314965711910e+02
7.887799264967319459e+02
7.883736214903776727e+02
7.879742058893638159e+02
7.875818557179275103e+02
7.871967321483957676e+02
7.868189799879824022e+02
7.864487262786792598e+02
7.860860791207290958e+02
7.857311267880165815e+02
7.853839371700936454e+02
7.850445575494527475e+02
7.847130147030363787e+02
7.843893153028877805e+02
7.840734465813977749e+02
7.837653772210139778e+02
7.834650584258065464e+02
7.831724251322798409e+02
7.828873973186623516e+02
7.826098813751168564e+02
